100
53549   53551   53569   53591   53593   53597   53609   53611   53617   53623
53629   53633   53639   53653   53657   53681   53693   53699   53717   53719
53731   53759   53773   53777   53783   53791   53813   53819   53831   53849
53857   53861   53881   53887   53891   53897   53899   53917   53923   53927
53939   53951   53959   53987   53993   54001   54011   54013   54037   54049
54059   54083   54091   54101   54121   54133   54139   54151   54163   54167
54181   54193   54217   54251   54269   54277   54287   54293   54311   54319
54323   54331   54347   54361   54367   54371   54377   54401   54403   54409
54413   54419   54421   54437   54443   54449   54469   54493   54497   54499
54503   54517   54521   54539   54541   54547   54559   54563   54577   54581